475
16
2
1
1
6



//VolumeLevel 0
0
1
0
1
-15
1
10362
0
0
0
0
100
0
0
26
1024
20000
23198
256
2048
512
12055
32604
32441
28000
1024
5
-72
-55
-45
-3
0
-72
-55
-45
-3
0
50
400
0
0
-90
0
100
0
0
16384
512
512
25520
32685
23197
9216
5
-72
-55
-45
-2
0
-72
-55
-45
-2
0
50
1000



//VolumeLevel 1
1
1
0
1
-12
1
10362
0
0
0
0
100
0
0
26
1024
20000
23198
256
2048
512
12055
32604
32441
28000
1024
5
-72
-55
-45
-3
0
-72
-55
-45
-3
0
50
400
0
0
-90
0
100
0
0
16384
512
512
25520
32685
23197
9216
5
-72
-55
-45
-2
0
-72
-55
-45
-2
0
50
1000



//VolumeLevel 2
2
1
0
1
-9
1
10362
0
0
0
0
100
0
0
26
1024
20000
23198
256
2048
512
12055
32604
32441
28000
1024
5
-72
-55
-45
-3
0
-72
-55
-45
-3
0
50
400
0
0
-90
0
100
0
0
16384
512
512
25520
32685
23197
9216
5
-72
-55
-45
-2
0
-72
-55
-45
-2
0
50
1000



//VolumeLevel 3
3
1
0
1
-6
1
10362
0
0
0
0
100
0
0
26
1024
20000
23198
256
2048
512
12055
32604
32441
28000
1024
5
-72
-55
-45
-3
0
-72
-55
-45
-3
0
50
400
0
0
-90
0
100
0
0
16384
512
512
25520
32685
23197
9216
5
-72
-55
-45
-2
0
-72
-55
-45
-2
0
50
1000



//VolumeLevel 4
4
1
0
1
-3
1
10362
0
0
0
0
100
0
0
26
1024
20000
23198
256
2048
512
12055
32604
32441
28000
1024
5
-72
-55
-45
-3
0
-72
-55
-45
-3
0
50
400
0
0
-90
0
100
0
0
16384
512
512
25520
32685
23197
9216
5
-72
-55
-45
-2
0
-72
-55
-45
-2
0
50
1000



//VolumeLevel 5
5
1
0
1
0
1
10362
0
0
0
0
100
0
0
26
1024
20000
23198
256
2048
512
12055
32604
32441
28000
1024
5
-72
-55
-45
-3
0
-72
-55
-45
-3
0
50
400
0
0
-90
0
100
0
0
16384
512
512
25520
32685
23197
9216
5
-72
-55
-45
-2
0
-72
-55
-45
-2
0
50
1000



0
0
0
0
10
800
120



0
32
102
74
-44
4
107
68
-25
-121
-279
-160
290
404
-18
-204
-5
3
3980
2
-6
-204
-20
405
293
-160
-277
-118
-27
65
107
4
-47
75
0
0
0
0
0
0
0
0
0
0
0
0
0
0
0
0
0
0
0
0
0
0
0
0
0
0
0
0
0
0
0
0
