475
16
2
2
1
6



//VolumeLevel 0
0
1
0
0
3
0
32767
0
0
0
0
375
0
0
26
1024
20000
23198
256
2048
512
12055
32604
32441
28000
1024
5
-72
-55
-45
-3
0
-72
-55
-45
-3
0
50
400
-6
0
-90
0
100
0
0
16384
512
512
25520
32685
23197
9216
5
-72
-55
-45
-2
0
-72
-55
-45
-2
0
50
1000



//VolumeLevel 1
1
1
0
0
3
0
32767
0
0
0
0
375
0
0
26
1024
20000
23198
256
2048
512
12055
32604
32441
28000
1024
5
-72
-55
-45
-3
0
-72
-55
-45
-3
0
50
400
-6
0
-90
0
100
0
0
16384
512
512
25520
32685
23197
9216
5
-72
-55
-45
-2
0
-72
-55
-45
-2
0
50
1000



//VolumeLevel 2
2
1
0
0
3
0
32767
0
0
0
0
375
0
0
26
1024
20000
23198
256
2048
512
12055
32604
32441
28000
1024
5
-72
-55
-45
-3
0
-72
-55
-45
-3
0
50
400
-6
0
-90
0
100
0
0
16384
512
512
25520
32685
23197
9216
5
-72
-55
-45
-2
0
-72
-55
-45
-2
0
50
1000



//VolumeLevel 3
3
1
0
0
3
0
32767
0
0
0
0
375
0
0
26
1024
20000
23198
256
2048
512
12055
32604
32441
28000
1024
5
-72
-55
-45
-3
0
-72
-55
-45
-3
0
50
400
-6
0
-90
0
100
0
0
16384
512
512
25520
32685
23197
9216
5
-72
-55
-45
-2
0
-72
-55
-45
-2
0
50
1000



//VolumeLevel 4
4
1
0
0
3
0
32767
0
0
0
0
375
0
0
26
1024
20000
23198
256
2048
512
12055
32604
32441
28000
1024
5
-72
-55
-45
-3
0
-72
-55
-45
-3
0
50
400
-6
0
-90
0
100
0
0
16384
512
512
25520
32685
23197
9216
5
-72
-55
-45
-2
0
-72
-55
-45
-2
0
50
1000



//VolumeLevel 5
5
1
0
0
3
0
32767
0
0
0
0
375
0
0
26
1024
20000
23198
256
2048
512
12055
32604
32441
28000
1024
5
-72
-55
-45
-3
0
-72
-55
-45
-3
0
50
400
-6
0
-90
0
100
0
0
16384
512
512
25520
32685
23197
9216
5
-72
-55
-45
-2
0
-72
-55
-45
-2
0
50
1000



0
0
0
0
10
800
120



0
32
2792
1886
-770
75
303
-294
151
38
-89
107
-20
-21
70
-36
-30
37
-22
16
16
-41
6
8
-16
17
11
-9
7
2
-10
7
-3
-7
0
0
0
0
0
0
0
0
0
0
0
0
0
0
0
0
0
0
0
0
0
0
0
0
0
0
0
0
0
0
0
0
