475
16
2
8
1
6



//VolumeLevel 0
0             
1
0
1
-15
1
10362
0
0
0
0
100
0
0
26
4096
4096
32767
2049
2048
2048
0
0
0
32767
4096
5
-72
-55
-45
-3
0
-72
-55
-45
-3
0
50
400
0
0
-90
0
100
0
0
16384
512
512
25520
32685
23197
9216
5
-72
-55
-45
-2
0
-72
-55
-45
-2
0
50
1000



//VolumeLevel 1
1
1
0
1
-12
1
10362
0
0
0
0
100
0
0
26
4096
4096
32767
2049
2048
2048
0
0
0
32767
4096
5
-72
-55
-45
-3
0
-72
-55
-45
-3
0
50
400
0
0
-90
0
100
0
0
16384
512
512
25520
32685
23197
9216
5
-72
-55
-45
-2
0
-72
-55
-45
-2
0
50
1000



//VolumeLevel 2
2
1
0
1
-9
1
10362
0
0
0
0
100
0
0
26
4096
4096
32767
2049
2048
2048
0
0
0
32767
4096
5
-72
-55
-45
-3
0
-72
-55
-45
-3
0
50
400
0
0
-90
0
100
0
0
16384
512
512
25520
32685
23197
9216
5
-72
-55
-45
-2
0
-72
-55
-45
-2
0
50
1000



//VolumeLevel 3
3
1
0
1
-6
1
10362
0
0
0
0
100
0
0
26
4096
4096
32767
2049
2048
2048
0
0
0
32767
4096
5
-72
-55
-45
-3
0
-72
-55
-45
-3
0
50
400
0
0
-90
0
100
0
0
16384
512
512
25520
32685
23197
9216
5
-72
-55
-45
-2
0
-72
-55
-45
-2
0
50
1000



//VolumeLevel 4
4
1
0
1
-3
1
10362
0
0
0
0
100
0
0
26
4096
4096
32767
2049
2048
2048
0
0
0
32767
4096
5
-72
-55
-45
-3
0
-72
-55
-45
-3
0
50
400
0
0
-90
0
100
0
0
16384
512
512
25520
32685
23197
9216
5
-72
-55
-45
-2
0
-72
-55
-45
-2
0
50
1000



//VolumeLevel 5
5
1
0
1
0
1
10362
0
0
0
0
100
0
0
26
4096
4096
32767
2049
2048
2048
0
0
0
32767
4096
5
-72
-55
-45
-3
0
-72
-55
-45
-3
0
50
400
0
0
-90
0
100
0
0
16384
512
512
25520
32685
23197
9216
5
-72
-55
-45
-2
0
-72
-55
-45
-2
0
50
1000



0
0
0
0
10
800
120



0
32
4096
0
0
0
0
0
0
0
0
0
0
0
0
0
0
0
0
0
0
0
0
0
0
0
0
0
0
0
0
0
0
0
0
0
0
0
0
0
0
0
0
0
0
0
0
0
0
0
0
0
0
0
0
0
0
0
0
0
0
0
0
0
0
0
