212
16
3
1
1
1
0
0
280
8192
1
3
1
150
0
7000
1
63
0
8192
2048
0
128
0
1024
96
0
768
1
776
1000
1000
512
128
128
256
1000
1000
512
128
128
256
7000
280
8230
16384
512
768
150
16384
16384
1
26000
32
64
64
16612
4096
0
0
2549
0
8192
8192
2048
40
2048
1568
32
2048
1568
1
776
32
1024
800
32
1024
800
1
776
1
11470
23062
-11398
-2622
4704
8698
8807
4494
835
481
209
6655
7358
-1669
4806
-598
-880
16
1024
16
181
16384
10000
16000
5000
128
9830
512
12288
9830
0
20
410
5570
8192
512
362
0
0
16384
256
4096
12055
32442
23170
4096
0
0
0
5
-72
-55
-54
-12
0
-72
-72
-54
-12
0
50
50
0
0
0
32
2899
857
834
-1026
208
326
200
-82
27
38
-102
-167
-69
9
5
18
75
91
38
-17
-32
-25
-17
-9
0
3
2
1
0
0
0
0
0
0
0
0
0
0
0
0
0
0
0
0
0
0
0
0
0
0
0
0
0
0
0
0
0
0
0
0
0
0
0
0
